46010
15830
29950
53190
33520
17220
43310
58400
33390
53410
34150
12970
16100
27030
0
59280
12660
64050
43540
28150
16210
35450
17330
21620
11550
36740
40550
42620
21150
0
258730
161030
170420
0
64790
15210
69020
63310
61460
15910
20630
21490
14630
18650
25980
68930
36170
0
14310
89350
81340
88850
86980
88840
79820
36170
70790
0
340310
83830
0
36970
11990
37030
13220
56790
16270
59100
10920
64450
23710
36720
22810
27100
51110
0
174800
0
583550
0
37110
24060
21010
14060
53760
21490
46080
67680
63220
37920
42490
23420
20140
0
61970
69080
84840
39010
30010
78800
51650
25360
0
39640
42290
48980
45440
35350
63290
15730
49880
14240
0
576060
0
163250
0
60380
115380
130260
127340
60770
0
46960
39140
23750
11880
12470
15940
18430
52970
60530
11140
31790
59680
14300
42680
25140
0
66840
23210
39460
17460
75830
103790
36960
101100
0
58340
59440
93360
96380
33730
42790
99420
0
72080
78010
37710
81830
18240
82170
15450
30410
73690
59800
0
83680
61800
31000
48010
44300
67580
30230
33940
0
25450
49920
33470
58300
37640
32370
24310
34060
14080
56010
65480
46250
0
323340
0
11120
54710
109830
82980
43420
42210
78070
0
57330
20120
59280
35030
27850
48670
15150
48190
35690
33530
59970
49210
54980
32340
55880
0
110400
55470
120700
21680
76030
72450
49660
0
130270
125180
153810
32510
149350
0
158580
292950
0
24760
42890
103500
39530
100890
69530
55550
30070
0
617320
0
55670
48950
60950
48800
29450
60220
21290
50100
41000
35540
34100
18200
0
99020
336050
0
153310
156150
50620
150730
0
59400
22520
12330
25820
36240
27540
23040
31890
40600
38620
51640
14870
27760
18070
33850
0
67980
23850
37550
102990
115000
64780
19110
0
14690
93090
17850
171450
0
33630
32100
32850
44910
59920
29270
40980
21330
31910
28100
46940
0
310060
15820
0
43560
61460
20510
65030
94870
92440
48080
77610
71080
0
17710
60620
71350
55750
32780
12210
25470
72660
54440
73950
0
106340
11960
0
13610
0
28100
31060
86540
94550
37780
42190
88820
93870
51280
0
71140
14410
61460
47520
23880
64200
73500
16240
60500
54690
67510
0
55700
46740
0
20740
34760
40640
94460
28890
48710
62980
29700
85880
0
34820
84920
22260
49510
67330
54630
31830
48070
48060
0
69740
102510
46370
95580
51530
46650
0
68600
69490
15240
42010
43970
22780
49090
13530
20740
19200
74390
10400
0
41350
14110
55360
80040
30900
10360
66130
63530
68100
0
39320
47430
16150
32010
37910
63570
25110
34400
22900
47410
28440
31210
36410
34970
0
45490
51420
44380
29450
45760
48710
47950
60070
48840
10310
21110
43880
47050
57250
34250
0
454440
0
66880
94600
27270
69890
67890
124600
0
73100
59100
78220
76270
76000
47930
31520
57470
51970
80060
0
239830
338790
0
10200
47830
51170
36280
30650
61310
55430
15760
11590
37210
31820
14090
27380
50840
0
427500
0
85090
43700
10420
56640
0
594450
0
15890
51330
64130
65780
33010
82560
77490
43210
81900
50250
0
277390
186090
0
54470
40220
40690
14370
28110
69290
27540
11080
73900
39950
34800
32250
0
42400
69590
32890
80630
47510
48960
46110
62560
11050
13340
75980
0
278310
0
18210
53330
78530
65740
79850
39720
23060
18750
18570
63860
0
127800
25130
229390
0
96250
37850
80500
74320
117720
109140
0
13870
34390
46440
38800
18780
39110
53290
14800
57790
20830
38860
55250
39300
48130
25700
0
157630
28390
142580
14600
0
61930
33970
32220
32620
37350
24060
55880
20680
28620
32710
14010
39570
56900
46320
0
150700
51640
89020
95800
42710
0
44940
56650
72420
76870
70310
61350
26700
33150
61460
80850
0
26250
242850
0
44140
59850
26810
70360
64860
25010
44080
85820
51500
42950
0
10820
14970
56380
46430
14130
59690
15150
40160
48560
32870
31220
29480
37110
50310
46920
0
64450
22610
21320
35170
24610
27670
20710
21760
63570
13040
60340
13460
0
13180
47190
20540
14330
65140
37290
43290
10260
15020
26110
13630
63790
36170
0
18850
75190
28490
51670
31360
48190
80180
41100
26660
60980
49430
0
65750
16240
60040
41780
74530
59790
67360
38830
71090
12710
11750
0
94940
126330
115760
35470
0
46530
67770
44970
22460
46660
46750
44400
72270
38080
24250
60140
73050
0
25380
61550
43210
62390
62790
14450
55920
0
49200
54350
13920
41220
105130
63590
15740
72220
0
90130
21500
83770
88840
41080
54270
16050
69070
0
78610
105540
12100
13460
52960
44190
91470
0
18580
29560
20700
102710
58100
26320
94290
39410
0
43060
49720
62160
63450
39710
39200
62950
35520
13990
54250
52180
45120
33760
44600
0
41070
44840
51480
54560
79020
21850
34390
71990
95140
0
110300
120960
0
28860
15610
140570
74800
121860
0
86000
40850
117550
45640
16970
63450
101760
0
25380
101380
83280
106210
133220
139070
0
54500
34030
57760
59670
38730
27610
59920
22510
22780
46730
34420
27200
25560
48480
59670
0
28060
82280
90470
106300
43670
49170
40840
78930
0
28420
183430
14970
199620
0
39850
109860
14310
15690
80530
89870
64740
0
57330
22370
61830
16420
10050
43890
18890
23850
24700
63380
22000
33990
36590
40920
0
65790
58720
42290
10810
22540
12290
52180
42670
69060
28180
10840
36550
22940
0
18820
50050
38050
20880
68090
49820
19350
67890
19610
18420
59880
28590
39650
0
23130
10210
50900
13090
51100
31420
41020
29190
60100
30790
57860
37010
26590
57280
0
42510
18990
41190
89410
66770
21610
21190
27720
31220
0
78210
61130
51500
34860
20720
40890
28200
31610
75890
17870
59880
0
105820
82400
19340
15040
90700
11860
77660
10660
0
67000
61810
32380
19400
12290
36880
13750
58730
23280
63840
74460
72460
0
55420
67710
19640
45320
30110
23000
14510
67260
45950
29260
52370
50200
61290
0
150080
44090
67690
22110
0
118250
89470
174110
28930
0
84600
116640
23040
68650
21320
91740
0
155400
169250
120150
76210
0
14390
118860
30280
0
46040
10570
53420
47230
77730
33730
74880
80280
32460
63550
19390
0
29210
44470
34720
51750
59090
59360
52630
39930
15890
39060
48650
31560
20100
0
100890
0
59640
76500
46920
15370
32810
31620
10640
45670
39100
22290
35660
0
155330
173110
118180
61790
0
45830
45770
35730
13790
37610
10480
47990
42750
35150
56370
54350
38010
59330
19260
0
118410
160300
32130
0
43070
73000
12370
55130
67990
24020
25540
0
670230
0
15730
67980
30020
75360
23730
59940
101220
0
11490
18360
71290
66210
74320
24680
40280
65600
51270
37810
70350
58450
0
137290
102120
109420
100870
100800
64930
0
68500
59690
33700
54000
64330
47620
57020
61930
18360
15070
26370
30510
13940
0
54650
105650
49230
16710
97890
91500
64660
80130
0
312830
0
20010
60320
67650
38960
75930
31750
34470
17180
0
60620
76300
63020
44480
10140
47560
46960
40690
56630
21810
61530
0
92280
18710
117390
108940
0
74350
62900
32490
93580
91960
89510
50230
49100
96860
0
38230
42470
71590
0
46300
33520
77000
77520
33430
45770
24480
103260
0
100020
289430
0
25920
44300
40770
21260
46280
64660
59190
70190
26670
25730
70380
31530
0
28370
121510
97740
15740
30460
130790
0
69490
0
53060
74320
42740
68350
70570
56950
47270
55810
65160
39030
31380
0
40830
42470
18060
27530
36120
35090
54980
21600
58140
15020
57600
46630
13540
15920
0
590400
0
37380
76240
45390
86490
94180
54950
11780
83890
0
44580
52830
25720
35300
62280
47110
26210
21310
63630
56110
32360
23140
25470
19050
0
37440
14130
29970
0
22140
46730
44810
58270
37520
54890
53010
75680
68690
29280
29000
0
116680
75790
23240
72450
143620
0
11910
56220
27640
32410
36900
36270
26370
40430
30120
27730
42760
11270
36490
0
53270
65350
48210
55310
30370
47000
62870
64760
22660
75500
0
30540
50230
12960
43940
56490
18220
66090
70380
58360
65710
69180
0
94730
53770
84490
48390
31180
78610
0
87840
38800
51330
61310
21140
51960
104050
10400
0
50030
58880
60580
69100
31550
32780
11590
38630
45650
11810
27160
64310
30140
0
76330
49840
12970
45240
51830
37170
120380
0
59080
77840
112110
76350
20600
55020
91790
0
65370
68950
34550
47990
55570
34970
44670
16940
52270
16630
23770
35380
45290
0
93710
24210
97890
73730
64590
64050
77750
82180
0
20770
85890
34170
78110
102550
43250
71680
0
59630
28060
35120
23690
57210
38520
30220
37640
61520
11580
64600
46940
19090
26550
0
77890
30300
36210
62690
31490
64050
22880
35120
56740
13010
0
61200
26290
63480
71050
34590
66780
59030
45190
30740
20860
39270
0
29240
122900
18730
56130
30980
86410
0
244640
372060
0
71800
132710
48320
106910
90840
0
49150
14400
18410
14760
71240
16920
74800
45830
18960
34750
54240
0
68640
31870
46800
51590
43140
31480
10600
72900
20800
83080
0
24120
164050
152030
56060
94110
0
132010
62420
119060
157820
125580
0
53190
79680
67320
97020
0
72030
35710
72410
87640
34660
60320
66080
68980
71890
27490
0
61840
75900
49760
42890
85530
82380
58440
83140
0
32640
29240
25860
12340
31260
52690
61470
60290
23840
64400
61610
17080
29280
23360
0
245650
319640
0
111180
106210
14300
33120
11350
67400
94560
0
168740
43850
86750
42370
0
15370
43130
55520
21950
35300
24330
30560
36930
11510
42970
20170
49170
38230
33880
15800
0
57950
26420
38220
18240
23660
38000
20200
40650
27580
26770
39510
51750
44330
11990
32120
0
41830
28220
63550
44270
63840
29310
48920
31480
58020
38850
48920
52330
42690
42860
0
37110
54300
61150
55610
50660
27960
38860
19600
60830
46570
0
116620
129010
68910
38970
0
10860
43330
14770
10460
56700
39960
19090
35440
51430
13870
63190
30840
31360
60840
0
361110
147900
0
65520
84910
0
66360
97180
157360
16190
0
95310
75070
73110
59910
69010
121390
105800
0
109560
78780
91000
118840
29060
103880
0
77670
40400
58720
10600
22990
10080
35970
27490
50250
0
15500
0
53640
71080
86610
88940
92400
100080
42430
0
466950
0
41950
28500
29780
49950
29440
57730
36690
36620
44710
63430
42580
12520
64080
59950
0
94820
118980
90220
81670
92320
0
26470
19900
29480
53140
23410
38280
25130
20910
41730
0
96400
26900
87740
116190
112010
24290
72160
0
34330
59140
52230
48790
13490
46920
29060
37610
44160
48130
27510
44740
20570
16750
0
98030
89860
36170
21750
14120
83700
0
76710
64480
67590
18570
0
257900
144950
0
18720
64410
45850
40530
41420
58440
20890
33870
26600
58900
64990
37690
27100
0
234320
169150
0
13510
26560
65570
11490
50540
16810
68710
26430
31580
16170
40870
64980
49930
0
54940
100550
27300
58000
29230
80370
34480
15270
0
58030
181650
219510
0
47660
38090
46780
31840
96870
78250
72220
66380
20160
0
18010
17170
49550
60880
18480
40330
70230
35510
59700
14150
70270
74110
0
254500
115230
225480
0
15660
47420
39470
27080
20190
34790
47350
60020
70420
18280
70710
15350
0
142180
52320
102280
33400
79750
0
88370
35100
103630
118540
28210
76270
101860
0
11020
37490
14360
15610
30980
38490
37260
20410
11000
15320
54730
46430
59220
47390
12160
0
44080
73690
13690
47420
71090
43680
34680
27770
32960
69990
57770
50190
0
37500
121900
0
156940
126900
148340
155320
19550
0
87020
12090
30120
30740
83900
67790
61170
25440
39000
63740
0
41260
57720
71490
39490
23710
23740
24690
78390
78980
28710
58080
0
11080
0
96100
43740
102750
25950
94130
89060
64020
15510
0
65600
86320
50640
21520
34430
42290
0
131040
248310
179680
0
46480
53320
48660
10480
40890
47100
14060
25440
53190
46850
46220
60800
58990
32660
0
56940
128790
40150
160660
16000
0
111860
318730
0
38710
63820
50760
36060
42830
79130
111240
0
99590
148070
178250
58800
0
39140
141830
0
81040
83220
102540
39570
14100
94020
20120
0
11300
46400
57380
38600
15100
30670
50210
53210
28200
12690
34330
52160
55850
13440
0
59750
98790
49690
97960
14040
67720
32400
19540
0
125120
137410
64250
132340
105970
124140
0
20310
22550
33060
18310
16010
19590
44520
50540
49670
53920
40400
49890
43850
58380
50430
0
31650
101850
105800
16260
54360
96440
108420
0
51390
80900
10450
58670
59870
84880
24090
0
10450
28430
35430
32240
28550
33180
41920
46000
57730
40740
47050
47160
17980
52740
24430
0
63250
78780
49320
75430
80730
21130
54810
81380
21510
12960
0
60070
25060
23460
36310
15260
48750
30990
52530
62810
20570
32090
26220
29300
49260
0
29010
45610
23610
44740
85080
65150
50240
22010
44020
69220
0
42190
247140
171960
0
381640
0
19000
57270
39350
54980
61650
46210
33470
43870
59820
42130
17420
13020
24520
39230
0
95580
71310
156620
91010
137300
0
64740
22220
65390
37470
59950
55730
62880
46840
51210
22260
17220
11170
10200
0
35650
34890
0
183950
204070
0
571580
0
199920
0
36360
43920
45840
54210
31590
58170
23030
10130
17580
18020
46300
42610
15240
16390
0
46520
19670
47650
49460
30230
27320
27490
52580
59350
64280
30530
63280
23890
56810
0
54500
19930
28240
35960
26580
85450
65770
30240
40010
17800
0
79020
61870
0
13490
60280
33070
19640
51160
23080
61080
42860
16890
33240
37280
49460
42670
38010
38060
0
141830
293200
0
324600
250120
0
33170
55450
73020
49360
79340
60940
79710
24970
81300
37520
0
41950
21470
77700
42140
47370
79620
59420
44780
38160
75080
66930
0
260130
86140
198280
0
11440
23610
43710
42460
34420
16930
51370
58060
24340
14130
31350
40280
47570
60050
0
23510
49270
30040
33840
15450
21720
34070
41200
39540
18060
23420
58470
52280
10050
0
114900
78550
97750
105770
32320
52110
0
83160
29840
134900
157160
74330
0
112880
145510
100560
148390
72410
0
45730
27310
33580
48500
63520
54190
10210
66110
64890
37940
60890
0